
Training Acc: 0.8066
Testing Acc: 0.7236
Confusion Matrix - Training Set
       airpl  autom   bird    cat   deer    dog   frog  horse   ship  truck
airpl  0.837  0.011  0.035  0.005  0.011  0.004  0.020  0.003  0.049  0.024
autom  0.010  0.904  0.002  0.000  0.000  0.002  0.017  0.000  0.012  0.054
bird   0.035  0.001  0.699  0.014  0.037  0.027  0.165  0.004  0.012  0.007
cat    0.017  0.000  0.045  0.528  0.049  0.108  0.220  0.008  0.015  0.010
deer   0.010  0.000  0.022  0.018  0.757  0.006  0.167  0.011  0.004  0.005
dog    0.003  0.001  0.030  0.072  0.048  0.719  0.105  0.012  0.002  0.008
frog   0.001  0.000  0.012  0.002  0.001  0.002  0.978  0.000  0.002  0.002
horse  0.003  0.002  0.047  0.026  0.055  0.031  0.032  0.789  0.007  0.008
ship   0.018  0.010  0.005  0.003  0.001  0.001  0.004  0.000  0.939  0.018
truck  0.014  0.034  0.005  0.002  0.000  0.003  0.013  0.000  0.012  0.917

Confusion Matrix - Testing Set
       airpl  autom   bird    cat   deer    dog   frog  horse   ship  truck
airpl  0.764  0.013  0.053  0.009  0.021  0.003  0.026  0.005  0.067  0.039
autom  0.014  0.844  0.006  0.001  0.000  0.001  0.024  0.000  0.021  0.089
bird   0.064  0.004  0.588  0.024  0.069  0.041  0.168  0.011  0.017  0.014
cat    0.013  0.004  0.064  0.395  0.068  0.139  0.253  0.019  0.021  0.024
deer   0.009  0.005  0.051  0.016  0.643  0.020  0.214  0.029  0.009  0.004
dog    0.009  0.004  0.057  0.105  0.041  0.620  0.126  0.025  0.003  0.010
frog   0.005  0.001  0.020  0.017  0.011  0.004  0.938  0.001  0.003  0.000
horse  0.017  0.002  0.057  0.030  0.072  0.054  0.061  0.685  0.004  0.018
ship   0.047  0.023  0.009  0.005  0.004  0.001  0.011  0.001  0.875  0.024
truck  0.016  0.043  0.005  0.007  0.003  0.001  0.016  0.002  0.023  0.884
