
Training Acc: 0.3903
Testing Acc: 0.3891
Confusion Matrix - Training Set
       airpl  autom   bird    cat   deer    dog   frog  horse   ship  truck
airpl  0.311  0.123  0.004  0.011  0.043  0.028  0.017  0.095  0.235  0.133
autom  0.008  0.625  0.000  0.004  0.002  0.020  0.064  0.038  0.042  0.197
bird   0.072  0.059  0.038  0.015  0.365  0.071  0.161  0.125  0.050  0.045
cat    0.013  0.049  0.009  0.074  0.099  0.208  0.331  0.132  0.019  0.067
deer   0.030  0.023  0.010  0.009  0.433  0.057  0.229  0.148  0.024  0.036
dog    0.007  0.057  0.010  0.036  0.127  0.298  0.213  0.197  0.015  0.039
frog   0.006  0.037  0.007  0.017  0.157  0.028  0.638  0.079  0.007  0.025
horse  0.010  0.060  0.002  0.007  0.132  0.064  0.093  0.541  0.010  0.081
ship   0.102  0.129  0.004  0.011  0.013  0.045  0.032  0.038  0.438  0.188
truck  0.009  0.255  0.000  0.007  0.007  0.021  0.073  0.061  0.049  0.517

Confusion Matrix - Testing Set
       airpl  autom   bird    cat   deer    dog   frog  horse   ship  truck
airpl  0.327  0.110  0.013  0.011  0.044  0.025  0.022  0.079  0.242  0.127
autom  0.013  0.619  0.001  0.006  0.001  0.032  0.043  0.044  0.041  0.200
bird   0.066  0.056  0.028  0.027  0.330  0.071  0.198  0.132  0.053  0.039
cat    0.013  0.051  0.010  0.046  0.102  0.192  0.310  0.184  0.023  0.069
deer   0.029  0.022  0.010  0.013  0.426  0.056  0.245  0.142  0.025  0.032
dog    0.007  0.040  0.010  0.021  0.151  0.320  0.194  0.196  0.029  0.032
frog   0.001  0.026  0.004  0.016  0.162  0.029  0.627  0.095  0.006  0.034
horse  0.011  0.052  0.005  0.008  0.105  0.093  0.090  0.551  0.015  0.070
ship   0.086  0.134  0.003  0.015  0.017  0.046  0.028  0.040  0.458  0.173
truck  0.007  0.278  0.001  0.006  0.005  0.026  0.071  0.060  0.057  0.489
