
Training Acc: 0.812642524829
Testing Acc: 0.6683
Confusion Matrix - Training Set
       airpl  autom   bird    cat   deer    dog   frog  horse   ship  truck
airpl  0.834  0.034  0.016  0.025  0.007  0.000  0.001  0.010  0.019  0.053
autom  0.003  0.941  0.000  0.003  0.000  0.000  0.003  0.002  0.002  0.046
bird   0.069  0.013  0.506  0.182  0.091  0.014  0.049  0.053  0.001  0.022
cat    0.005  0.004  0.009  0.896  0.019  0.019  0.019  0.016  0.002  0.010
deer   0.019  0.005  0.009  0.114  0.709  0.000  0.031  0.106  0.000  0.006
dog    0.002  0.003  0.013  0.490  0.032  0.365  0.009  0.082  0.002  0.003
frog   0.008  0.011  0.018  0.145  0.022  0.002  0.777  0.002  0.000  0.017
horse  0.006  0.005  0.003  0.062  0.039  0.006  0.000  0.877  0.000  0.003
ship   0.093  0.063  0.000  0.021  0.006  0.000  0.006  0.001  0.735  0.075
truck  0.012  0.032  0.000  0.008  0.002  0.000  0.002  0.006  0.000  0.940

Confusion Matrix - Testing Set
       airpl  autom   bird    cat   deer    dog   frog  horse   ship  truck
airpl  0.733  0.045  0.030  0.050  0.021  0.000  0.004  0.021  0.031  0.065
autom  0.008  0.866  0.001  0.015  0.003  0.000  0.002  0.003  0.002  0.100
bird   0.087  0.010  0.385  0.229  0.099  0.030  0.072  0.064  0.007  0.017
cat    0.008  0.012  0.013  0.849  0.029  0.019  0.023  0.032  0.003  0.012
deer   0.022  0.006  0.024  0.191  0.577  0.002  0.058  0.115  0.002  0.003
dog    0.009  0.007  0.017  0.548  0.039  0.282  0.010  0.074  0.002  0.012
frog   0.013  0.011  0.021  0.187  0.034  0.002  0.700  0.007  0.002  0.023
horse  0.012  0.008  0.009  0.110  0.046  0.020  0.004  0.771  0.000  0.020
ship   0.120  0.079  0.001  0.038  0.010  0.000  0.001  0.012  0.659  0.080
truck  0.017  0.085  0.001  0.020  0.001  0.001  0.003  0.008  0.003  0.861
