Training Acc: 0.7721533785433253
Testing Acc: 0.6304285713604518
Confusion Matrix - Training Set
       airpl  autom   bird    cat    dog  horse   ship
airpl  0.479  0.058  0.213  0.087  0.000  0.008  0.155
autom  0.004  0.893  0.021  0.051  0.002  0.002  0.027
bird   0.012  0.004  0.805  0.155  0.003  0.013  0.007
cat    0.001  0.002  0.092  0.882  0.008  0.010  0.005
dog    0.002  0.002  0.127  0.651  0.185  0.031  0.002
horse  0.002  0.006  0.068  0.214  0.010  0.692  0.008
ship   0.031  0.060  0.053  0.072  0.000  0.006  0.778

Confusion Matrix - Testing Set
       airpl  autom   bird    cat    dog  horse   ship
airpl  0.463  0.044  0.191  0.109  0.000  0.009  0.184
autom  0.011  0.842  0.037  0.076  0.001  0.002  0.031
bird   0.016  0.004  0.758  0.193  0.010  0.011  0.008
cat    0.003  0.006  0.110  0.850  0.011  0.012  0.008
dog    0.002  0.003  0.148  0.672  0.138  0.035  0.002
horse  0.003  0.006  0.095  0.230  0.021  0.640  0.005
ship   0.045  0.066  0.057  0.106  0.000  0.004  0.722
