Training Acc: 0.8729716023937765
Testing Acc: 0.780428571496691
Confusion Matrix - Training Set
       airpl  autom   bird    cat    dog  horse   ship
airpl  0.839  0.001  0.117  0.012  0.002  0.000  0.030
autom  0.017  0.948  0.014  0.006  0.001  0.000  0.014
bird   0.017  0.000  0.963  0.015  0.001  0.002  0.001
cat    0.004  0.000  0.111  0.856  0.023  0.002  0.004
dog    0.002  0.000  0.129  0.204  0.649  0.016  0.000
horse  0.006  0.000  0.114  0.069  0.014  0.795  0.002
ship   0.024  0.002  0.014  0.009  0.001  0.000  0.950

Confusion Matrix - Testing Set
       airpl  autom   bird    cat    dog  horse   ship
airpl  0.757  0.008  0.153  0.017  0.000  0.006  0.059
autom  0.036  0.903  0.023  0.012  0.001  0.002  0.023
bird   0.026  0.002  0.910  0.047  0.010  0.003  0.002
cat    0.008  0.003  0.178  0.747  0.051  0.006  0.007
dog    0.004  0.002  0.160  0.256  0.541  0.033  0.004
horse  0.023  0.000  0.137  0.076  0.028  0.732  0.004
ship   0.061  0.017  0.037  0.010  0.000  0.002  0.873
