
Training Acc: 0.720863766286
Testing Acc: 0.695
Confusion Matrix - Training Set
       airpl  autom   bird    cat   deer    dog   frog  horse   ship  truck
airpl  0.502  0.028  0.097  0.037  0.090  0.001  0.003  0.027  0.145  0.069
autom  0.008  0.870  0.005  0.008  0.005  0.002  0.011  0.000  0.015  0.078
bird   0.023  0.009  0.598  0.037  0.185  0.030  0.085  0.024  0.004  0.005
cat    0.003  0.005  0.020  0.626  0.144  0.074  0.090  0.024  0.005  0.010
deer   0.003  0.001  0.011  0.016  0.907  0.004  0.039  0.014  0.002  0.002
dog    0.002  0.003  0.017  0.146  0.105  0.665  0.022  0.036  0.001  0.003
frog   0.003  0.009  0.051  0.057  0.098  0.010  0.759  0.006  0.001  0.006
horse  0.003  0.002  0.015  0.033  0.111  0.021  0.004  0.800  0.000  0.010
ship   0.042  0.063  0.023  0.021  0.044  0.002  0.012  0.006  0.733  0.054
truck  0.017  0.118  0.000  0.022  0.009  0.002  0.008  0.002  0.008  0.816

Confusion Matrix - Testing Set
       airpl  autom   bird    cat   deer    dog   frog  horse   ship  truck
airpl  0.437  0.043  0.099  0.029  0.130  0.003  0.005  0.019  0.150  0.085
autom  0.012  0.828  0.008  0.008  0.011  0.002  0.007  0.004  0.010  0.110
bird   0.038  0.007  0.546  0.049  0.186  0.039  0.103  0.021  0.004  0.007
cat    0.005  0.010  0.029  0.580  0.150  0.087  0.094  0.024  0.006  0.015
deer   0.001  0.002  0.015  0.009  0.909  0.002  0.045  0.013  0.003  0.001
dog    0.000  0.001  0.027  0.148  0.104  0.659  0.018  0.040  0.001  0.002
frog   0.002  0.002  0.048  0.069  0.109  0.008  0.754  0.004  0.003  0.001
horse  0.006  0.001  0.026  0.030  0.121  0.021  0.010  0.774  0.000  0.011
ship   0.071  0.080  0.022  0.012  0.050  0.004  0.008  0.005  0.698  0.050
truck  0.020  0.145  0.008  0.017  0.014  0.001  0.003  0.010  0.017  0.765
