Training Acc: 0.8690404946899642
Testing Acc: 0.7414285713604518
Confusion Matrix - Training Set
       airpl  autom   bird    cat    dog  horse   ship
airpl  0.752  0.010  0.118  0.039  0.000  0.016  0.065
autom  0.006  0.951  0.012  0.011  0.000  0.002  0.016
bird   0.012  0.000  0.915  0.054  0.004  0.012  0.004
cat    0.001  0.001  0.053  0.930  0.006  0.005  0.004
dog    0.000  0.001  0.079  0.425  0.461  0.032  0.001
horse  0.001  0.000  0.071  0.101  0.007  0.818  0.001
ship   0.009  0.006  0.009  0.011  0.000  0.002  0.963

Confusion Matrix - Testing Set
       airpl  autom   bird    cat    dog  horse   ship
airpl  0.630  0.020  0.158  0.055  0.000  0.018  0.119
autom  0.022  0.887  0.019  0.029  0.000  0.007  0.036
bird   0.023  0.003  0.838  0.104  0.012  0.014  0.006
cat    0.006  0.005  0.079  0.855  0.014  0.025  0.016
dog    0.003  0.001  0.111  0.477  0.366  0.037  0.005
horse  0.006  0.002  0.101  0.151  0.011  0.726  0.003
ship   0.043  0.018  0.026  0.022  0.000  0.003  0.888
