Training Acc: 0.8057632682837862
Testing Acc: 0.7406
Confusion Matrix - Training Set
       airpl  autom   bird    cat   deer    dog   frog  horse   ship  truck
airpl  0.799  0.007  0.083  0.009  0.010  0.003  0.003  0.005  0.030  0.051
autom  0.020  0.864  0.008  0.006  0.001  0.000  0.001  0.000  0.013  0.086
bird   0.036  0.002  0.849  0.016  0.039  0.029  0.012  0.010  0.004  0.004
cat    0.012  0.002  0.056  0.680  0.043  0.155  0.015  0.017  0.006  0.015
deer   0.011  0.000  0.046  0.022  0.853  0.021  0.008  0.034  0.002  0.002
dog    0.001  0.001  0.037  0.077  0.030  0.818  0.002  0.028  0.002  0.005
frog   0.008  0.005  0.122  0.058  0.076  0.030  0.684  0.001  0.008  0.008
horse  0.008  0.001  0.040  0.033  0.052  0.051  0.000  0.804  0.000  0.011
ship   0.088  0.013  0.011  0.008  0.007  0.003  0.004  0.003  0.837  0.027
truck  0.020  0.011  0.004  0.001  0.003  0.004  0.000  0.001  0.005  0.950

Confusion Matrix - Testing Set
       airpl  autom   bird    cat   deer    dog   frog  horse   ship  truck
airpl  0.724  0.012  0.099  0.019  0.021  0.002  0.003  0.012  0.050  0.058
autom  0.027  0.780  0.009  0.006  0.002  0.005  0.001  0.002  0.027  0.141
bird   0.044  0.004  0.767  0.034  0.050  0.059  0.011  0.018  0.005  0.008
cat    0.012  0.004  0.085  0.622  0.057  0.151  0.015  0.025  0.010  0.019
deer   0.015  0.002  0.077  0.041  0.780  0.029  0.012  0.036  0.004  0.004
dog    0.005  0.003  0.047  0.102  0.035  0.773  0.003  0.026  0.002  0.004
frog   0.006  0.003  0.146  0.108  0.062  0.039  0.620  0.005  0.006  0.005
horse  0.011  0.002  0.063  0.033  0.080  0.083  0.000  0.710  0.000  0.018
ship   0.126  0.030  0.022  0.020  0.011  0.004  0.000  0.002  0.741  0.044
truck  0.026  0.043  0.010  0.004  0.006  0.002  0.001  0.006  0.013  0.889
