
Training Acc: 0.55848399042
Testing Acc: 0.5191
Confusion Matrix - Training Set
       airpl  autom   bird    cat   deer    dog   frog  horse   ship  truck
airpl  0.876  0.000  0.014  0.007  0.007  0.000  0.076  0.004  0.013  0.003
autom  0.191  0.357  0.002  0.011  0.002  0.000  0.203  0.000  0.047  0.188
bird   0.119  0.000  0.326  0.012  0.036  0.005  0.486  0.012  0.003  0.001
cat    0.060  0.000  0.016  0.192  0.019  0.021  0.672  0.014  0.006  0.001
deer   0.043  0.000  0.018  0.006  0.455  0.001  0.440  0.038  0.001  0.000
dog    0.024  0.000  0.024  0.088  0.024  0.337  0.469  0.031  0.002  0.001
frog   0.006  0.000  0.002  0.001  0.000  0.000  0.990  0.000  0.001  0.000
horse  0.057  0.000  0.017  0.019  0.049  0.004  0.179  0.672  0.002  0.001
ship   0.253  0.005  0.004  0.005  0.002  0.000  0.070  0.000  0.657  0.002
truck  0.280  0.017  0.005  0.018  0.002  0.000  0.135  0.009  0.050  0.485

Confusion Matrix - Testing Set
       airpl  autom   bird    cat   deer    dog   frog  horse   ship  truck
airpl  0.873  0.000  0.012  0.004  0.012  0.000  0.073  0.007  0.015  0.004
autom  0.199  0.336  0.002  0.006  0.001  0.001  0.175  0.002  0.072  0.206
bird   0.130  0.000  0.291  0.018  0.043  0.008  0.492  0.015  0.003  0.000
cat    0.073  0.000  0.017  0.159  0.022  0.025  0.680  0.013  0.009  0.002
deer   0.044  0.000  0.011  0.006  0.402  0.001  0.497  0.038  0.001  0.000
dog    0.033  0.000  0.022  0.101  0.023  0.349  0.439  0.031  0.001  0.001
frog   0.006  0.000  0.004  0.003  0.001  0.000  0.985  0.001  0.000  0.000
horse  0.085  0.000  0.010  0.019  0.044  0.009  0.188  0.643  0.001  0.001
ship   0.233  0.004  0.007  0.005  0.001  0.000  0.066  0.001  0.680  0.003
truck  0.284  0.024  0.003  0.008  0.003  0.001  0.137  0.014  0.053  0.473
