Training Acc: 0.44026992522341785
Testing Acc: 0.4047
Confusion Matrix - Training Set
       airpl  autom   bird    cat   deer    dog   frog  horse   ship  truck
airpl  0.370  0.121  0.185  0.024  0.042  0.010  0.003  0.009  0.204  0.033
autom  0.020  0.716  0.038  0.021  0.016  0.013  0.016  0.010  0.068  0.083
bird   0.037  0.028  0.507  0.071  0.206  0.102  0.011  0.010  0.020  0.010
cat    0.007  0.027  0.161  0.377  0.102  0.269  0.015  0.015  0.012  0.014
deer   0.029  0.016  0.233  0.066  0.513  0.086  0.015  0.020  0.013  0.009
dog    0.002  0.021  0.168  0.194  0.094  0.485  0.006  0.014  0.007  0.008
frog   0.005  0.052  0.162  0.239  0.318  0.069  0.132  0.001  0.009  0.013
horse  0.020  0.037  0.133  0.084  0.236  0.249  0.009  0.182  0.011  0.039
ship   0.161  0.192  0.096  0.012  0.012  0.023  0.005  0.000  0.432  0.067
truck  0.033  0.327  0.038  0.060  0.016  0.033  0.016  0.009  0.117  0.351

Confusion Matrix - Testing Set
       airpl  autom   bird    cat   deer    dog   frog  horse   ship  truck
airpl  0.360  0.107  0.197  0.029  0.037  0.014  0.006  0.007  0.206  0.037
autom  0.025  0.691  0.034  0.022  0.017  0.023  0.012  0.006  0.078  0.092
bird   0.037  0.026  0.493  0.088  0.197  0.101  0.016  0.012  0.021  0.009
cat    0.008  0.025  0.192  0.356  0.104  0.263  0.010  0.015  0.011  0.016
deer   0.020  0.019  0.224  0.067  0.527  0.083  0.017  0.021  0.017  0.005
dog    0.007  0.022  0.180  0.167  0.090  0.492  0.006  0.013  0.018  0.005
frog   0.002  0.034  0.159  0.233  0.329  0.059  0.155  0.011  0.005  0.013
horse  0.012  0.032  0.121  0.102  0.202  0.266  0.007  0.208  0.016  0.034
ship   0.168  0.169  0.081  0.022  0.018  0.024  0.002  0.009  0.446  0.061
truck  0.026  0.355  0.051  0.054  0.021  0.026  0.019  0.012  0.117  0.319
