
Training Acc: 0.8153
Testing Acc: 0.7325
Confusion Matrix - Training Set
       airpl  autom   bird    cat   deer    dog   frog  horse   ship  truck
airpl  0.832  0.005  0.021  0.022  0.027  0.003  0.010  0.010  0.034  0.037
autom  0.003  0.893  0.001  0.001  0.000  0.002  0.006  0.004  0.013  0.076
bird   0.040  0.001  0.521  0.045  0.131  0.053  0.159  0.033  0.009  0.009
cat    0.005  0.001  0.006  0.700  0.053  0.082  0.114  0.018  0.013  0.007
deer   0.009  0.001  0.009  0.030  0.806  0.009  0.083  0.047  0.001  0.006
dog    0.001  0.001  0.003  0.134  0.040  0.723  0.046  0.040  0.003  0.009
frog   0.006  0.000  0.007  0.019  0.015  0.006  0.940  0.001  0.001  0.005
horse  0.004  0.000  0.006  0.036  0.033  0.029  0.013  0.876  0.000  0.004
ship   0.017  0.007  0.002  0.005  0.004  0.004  0.004  0.001  0.936  0.021
truck  0.007  0.012  0.001  0.009  0.002  0.002  0.007  0.009  0.008  0.942

Confusion Matrix - Testing Set
       airpl  autom   bird    cat   deer    dog   frog  horse   ship  truck
airpl  0.724  0.014  0.040  0.028  0.030  0.006  0.020  0.018  0.065  0.055
autom  0.010  0.817  0.002  0.005  0.003  0.002  0.012  0.002  0.019  0.128
bird   0.059  0.005  0.417  0.055  0.138  0.065  0.190  0.042  0.017  0.012
cat    0.010  0.006  0.014  0.551  0.068  0.132  0.148  0.034  0.016  0.021
deer   0.006  0.003  0.012  0.038  0.737  0.016  0.127  0.052  0.006  0.003
dog    0.004  0.000  0.009  0.174  0.059  0.619  0.068  0.050  0.006  0.011
frog   0.002  0.000  0.006  0.034  0.022  0.009  0.915  0.006  0.006  0.000
horse  0.007  0.000  0.007  0.034  0.074  0.041  0.021  0.797  0.004  0.015
ship   0.051  0.020  0.005  0.012  0.006  0.002  0.010  0.003  0.847  0.044
truck  0.020  0.026  0.004  0.011  0.005  0.001  0.010  0.011  0.011  0.901
