Training Acc: 0.4314226669567109
Testing Acc: 0.4001
Confusion Matrix - Training Set
       airpl  autom   bird    cat   deer    dog   frog  horse   ship  truck
airpl  0.361  0.106  0.107  0.045  0.023  0.026  0.000  0.106  0.161  0.065
autom  0.015  0.599  0.013  0.069  0.001  0.019  0.001  0.068  0.066  0.149
bird   0.042  0.021  0.260  0.139  0.221  0.147  0.001  0.141  0.010  0.017
cat    0.008  0.017  0.045  0.404  0.055  0.334  0.000  0.108  0.006  0.023
deer   0.025  0.010  0.107  0.101  0.418  0.139  0.001  0.177  0.007  0.015
dog    0.004  0.015  0.048  0.189  0.042  0.549  0.000  0.143  0.002  0.007
frog   0.009  0.027  0.047  0.386  0.278  0.134  0.027  0.075  0.002  0.015
horse  0.006  0.023  0.026  0.080  0.057  0.173  0.000  0.607  0.005  0.024
ship   0.183  0.149  0.062  0.027  0.007  0.049  0.000  0.027  0.357  0.139
truck  0.008  0.210  0.015  0.093  0.011  0.034  0.000  0.132  0.054  0.444

Confusion Matrix - Testing Set
       airpl  autom   bird    cat   deer    dog   frog  horse   ship  truck
airpl  0.370  0.094  0.126  0.056  0.019  0.024  0.000  0.088  0.157  0.066
autom  0.014  0.614  0.017  0.057  0.006  0.022  0.000  0.070  0.063  0.137
bird   0.038  0.026  0.233  0.148  0.213  0.169  0.003  0.144  0.010  0.016
cat    0.004  0.021  0.056  0.388  0.052  0.329  0.000  0.127  0.002  0.021
deer   0.022  0.012  0.094  0.101  0.405  0.158  0.001  0.186  0.013  0.008
dog    0.009  0.014  0.047  0.196  0.041  0.542  0.000  0.141  0.005  0.005
frog   0.005  0.015  0.054  0.386  0.300  0.113  0.014  0.091  0.001  0.021
horse  0.010  0.015  0.034  0.079  0.039  0.165  0.000  0.628  0.008  0.022
ship   0.177  0.138  0.056  0.044  0.008  0.037  0.000  0.040  0.384  0.116
truck  0.016  0.226  0.016  0.089  0.014  0.027  0.002  0.105  0.082  0.423
