Training Acc: 0.7867435158800173
Testing Acc: 0.7532
Confusion Matrix - Training Set
       airpl  autom   bird    cat   deer    dog   frog  horse   ship  truck
airpl  0.743  0.016  0.045  0.016  0.022  0.006  0.000  0.001  0.081  0.069
autom  0.008  0.868  0.000  0.003  0.000  0.000  0.005  0.000  0.011  0.105
bird   0.046  0.001  0.704  0.030  0.087  0.054  0.043  0.012  0.010  0.014
cat    0.012  0.005  0.022  0.675  0.052  0.149  0.045  0.008  0.012  0.021
deer   0.011  0.000  0.012  0.022  0.895  0.012  0.017  0.024  0.004  0.003
dog    0.002  0.003  0.012  0.082  0.046  0.809  0.014  0.020  0.003  0.009
frog   0.010  0.006  0.027  0.034  0.059  0.020  0.818  0.000  0.006  0.020
horse  0.019  0.003  0.019  0.026  0.063  0.066  0.005  0.757  0.005  0.037
ship   0.032  0.024  0.007  0.001  0.001  0.004  0.003  0.000  0.876  0.050
truck  0.009  0.023  0.002  0.002  0.002  0.000  0.003  0.002  0.005  0.954

Confusion Matrix - Testing Set
       airpl  autom   bird    cat   deer    dog   frog  horse   ship  truck
airpl  0.690  0.022  0.068  0.013  0.029  0.008  0.006  0.004  0.088  0.072
autom  0.014  0.800  0.005  0.003  0.002  0.004  0.003  0.001  0.015  0.153
bird   0.056  0.002  0.633  0.036  0.110  0.072  0.046  0.016  0.012  0.017
cat    0.016  0.014  0.030  0.608  0.074  0.146  0.051  0.009  0.018  0.034
deer   0.015  0.003  0.027  0.028  0.843  0.017  0.024  0.026  0.014  0.003
dog    0.007  0.002  0.017  0.089  0.050  0.795  0.012  0.015  0.002  0.011
frog   0.008  0.009  0.040  0.056  0.077  0.025  0.769  0.001  0.009  0.006
horse  0.017  0.002  0.036  0.039  0.096  0.090  0.003  0.653  0.003  0.061
ship   0.056  0.035  0.006  0.004  0.001  0.006  0.003  0.001  0.821  0.067
truck  0.010  0.030  0.004  0.005  0.005  0.002  0.001  0.001  0.022  0.920
