
Training Acc: 0.8062
Testing Acc: 0.718
Confusion Matrix - Training Set
       airpl  autom   bird    cat   deer    dog   frog  horse   ship  truck
airpl  0.844  0.011  0.021  0.006  0.023  0.003  0.014  0.015  0.025  0.039
autom  0.005  0.895  0.001  0.000  0.000  0.000  0.008  0.002  0.002  0.087
bird   0.049  0.005  0.550  0.019  0.133  0.032  0.160  0.036  0.003  0.013
cat    0.010  0.001  0.023  0.561  0.072  0.086  0.200  0.027  0.006  0.016
deer   0.009  0.001  0.009  0.007  0.813  0.007  0.103  0.042  0.003  0.005
dog    0.003  0.003  0.009  0.086  0.060  0.686  0.085  0.055  0.000  0.014
frog   0.001  0.001  0.007  0.009  0.007  0.005  0.963  0.001  0.000  0.005
horse  0.003  0.000  0.005  0.013  0.039  0.024  0.020  0.880  0.002  0.013
ship   0.025  0.018  0.002  0.003  0.004  0.002  0.013  0.004  0.903  0.026
truck  0.004  0.012  0.001  0.002  0.003  0.001  0.012  0.005  0.002  0.959

Confusion Matrix - Testing Set
       airpl  autom   bird    cat   deer    dog   frog  horse   ship  truck
airpl  0.760  0.025  0.033  0.011  0.014  0.004  0.026  0.017  0.043  0.067
autom  0.013  0.829  0.001  0.008  0.002  0.004  0.014  0.001  0.008  0.120
bird   0.079  0.004  0.439  0.029  0.132  0.053  0.200  0.038  0.006  0.020
cat    0.014  0.005  0.024  0.436  0.091  0.117  0.236  0.042  0.011  0.024
deer   0.018  0.000  0.017  0.016  0.691  0.012  0.172  0.059  0.006  0.009
dog    0.006  0.003  0.022  0.124  0.068  0.588  0.105  0.069  0.003  0.012
frog   0.003  0.000  0.013  0.015  0.023  0.006  0.930  0.004  0.003  0.003
horse  0.007  0.001  0.010  0.029  0.064  0.036  0.035  0.794  0.000  0.024
ship   0.063  0.040  0.002  0.009  0.011  0.005  0.018  0.002  0.801  0.049
truck  0.010  0.025  0.002  0.007  0.005  0.001  0.019  0.008  0.011  0.912
