Training Acc: 0.7830988725811424
Testing Acc: 0.7564285713604518
Confusion Matrix - Training Set
       airpl  autom   bird    cat    dog  horse   ship
airpl  0.748  0.051  0.067  0.012  0.001  0.017  0.104
autom  0.006  0.979  0.003  0.002  0.000  0.001  0.008
bird   0.083  0.012  0.748  0.069  0.029  0.045  0.015
cat    0.019  0.015  0.129  0.643  0.112  0.063  0.019
dog    0.006  0.005  0.084  0.182  0.623  0.096  0.003
horse  0.015  0.008  0.041  0.045  0.027  0.859  0.006
ship   0.041  0.045  0.011  0.006  0.000  0.004  0.893

Confusion Matrix - Testing Set
       airpl  autom   bird    cat    dog  horse   ship
airpl  0.725  0.060  0.067  0.010  0.001  0.020  0.117
autom  0.002  0.982  0.002  0.004  0.001  0.003  0.006
bird   0.093  0.014  0.699  0.077  0.043  0.062  0.012
cat    0.038  0.025  0.138  0.602  0.111  0.067  0.019
dog    0.008  0.005  0.100  0.169  0.612  0.100  0.006
horse  0.023  0.007  0.058  0.042  0.046  0.819  0.005
ship   0.051  0.063  0.018  0.006  0.000  0.006  0.856
