
Training Acc: 0.8364
Testing Acc: 0.7414
Confusion Matrix - Training Set
       airpl  autom   bird    cat   deer    dog   frog  horse   ship  truck
airpl  0.899  0.011  0.018  0.002  0.003  0.003  0.004  0.010  0.015  0.034
autom  0.007  0.957  0.002  0.000  0.001  0.000  0.003  0.000  0.002  0.029
bird   0.070  0.004  0.670  0.017  0.060  0.031  0.088  0.041  0.010  0.007
cat    0.018  0.005  0.037  0.565  0.040  0.144  0.115  0.052  0.009  0.014
deer   0.017  0.001  0.011  0.016  0.833  0.008  0.049  0.059  0.002  0.003
dog    0.004  0.003  0.018  0.069  0.052  0.737  0.031  0.076  0.000  0.010
frog   0.002  0.003  0.012  0.008  0.006  0.006  0.948  0.004  0.007  0.003
horse  0.008  0.003  0.010  0.007  0.023  0.014  0.006  0.926  0.002  0.002
ship   0.065  0.019  0.002  0.000  0.002  0.001  0.002  0.004  0.875  0.030
truck  0.016  0.026  0.000  0.000  0.002  0.001  0.003  0.004  0.004  0.945

Confusion Matrix - Testing Set
       airpl  autom   bird    cat   deer    dog   frog  horse   ship  truck
airpl  0.836  0.017  0.029  0.004  0.007  0.005  0.010  0.009  0.030  0.053
autom  0.015  0.876  0.001  0.001  0.002  0.001  0.005  0.002  0.008  0.089
bird   0.095  0.009  0.517  0.028  0.087  0.069  0.125  0.043  0.007  0.020
cat    0.028  0.012  0.056  0.451  0.064  0.175  0.112  0.058  0.020  0.024
deer   0.035  0.005  0.032  0.012  0.704  0.017  0.090  0.096  0.004  0.005
dog    0.010  0.005  0.034  0.104  0.047  0.630  0.055  0.094  0.006  0.015
frog   0.015  0.003  0.028  0.016  0.020  0.017  0.883  0.012  0.005  0.001
horse  0.016  0.002  0.022  0.017  0.051  0.043  0.007  0.827  0.000  0.015
ship   0.104  0.040  0.005  0.002  0.002  0.003  0.002  0.005  0.790  0.047
truck  0.025  0.046  0.002  0.004  0.000  0.001  0.005  0.005  0.012  0.900
