
Training Acc: 0.730175248732
Testing Acc: 0.6587
Confusion Matrix - Training Set
       airpl  autom   bird    cat   deer    dog   frog  horse   ship  truck
airpl  0.537  0.014  0.051  0.072  0.156  0.020  0.001  0.010  0.090  0.049
autom  0.012  0.763  0.003  0.029  0.031  0.006  0.011  0.002  0.023  0.120
bird   0.020  0.001  0.569  0.066  0.248  0.051  0.031  0.005  0.005  0.002
cat    0.002  0.000  0.014  0.746  0.128  0.080  0.024  0.002  0.003  0.002
deer   0.002  0.000  0.006  0.023  0.947  0.008  0.009  0.004  0.000  0.001
dog    0.000  0.000  0.009  0.156  0.110  0.713  0.004  0.005  0.001  0.001
frog   0.002  0.000  0.041  0.116  0.237  0.009  0.592  0.000  0.002  0.002
horse  0.003  0.000  0.019  0.074  0.367  0.054  0.001  0.471  0.001  0.009
ship   0.040  0.022  0.010  0.038  0.053  0.007  0.001  0.000  0.803  0.025
truck  0.011  0.031  0.008  0.033  0.061  0.008  0.002  0.008  0.011  0.828

Confusion Matrix - Testing Set
       airpl  autom   bird    cat   deer    dog   frog  horse   ship  truck
airpl  0.478  0.019  0.062  0.074  0.165  0.010  0.001  0.010  0.122  0.059
autom  0.016  0.718  0.003  0.026  0.024  0.009  0.003  0.000  0.033  0.168
bird   0.027  0.000  0.531  0.076  0.256  0.064  0.038  0.002  0.004  0.002
cat    0.001  0.001  0.022  0.689  0.141  0.103  0.034  0.002  0.005  0.002
deer   0.000  0.000  0.007  0.027  0.943  0.008  0.009  0.003  0.003  0.000
dog    0.002  0.000  0.014  0.165  0.098  0.709  0.005  0.007  0.000  0.000
frog   0.000  0.002  0.037  0.120  0.239  0.010  0.589  0.000  0.002  0.001
horse  0.003  0.001  0.030  0.091  0.389  0.081  0.002  0.397  0.000  0.006
ship   0.049  0.036  0.016  0.046  0.069  0.005  0.000  0.002  0.741  0.036
truck  0.015  0.047  0.006  0.042  0.052  0.013  0.004  0.010  0.019  0.792
