Training Acc: 0.8102023058646084
Testing Acc: 0.7461
Confusion Matrix - Training Set
       airpl  autom   bird    cat   deer    dog   frog  horse   ship  truck
airpl  0.629  0.035  0.122  0.041  0.015  0.003  0.004  0.004  0.070  0.076
autom  0.003  0.913  0.001  0.006  0.001  0.001  0.003  0.000  0.003  0.068
bird   0.021  0.008  0.798  0.049  0.036  0.026  0.029  0.020  0.005  0.008
cat    0.005  0.003  0.030  0.798  0.025  0.086  0.022  0.018  0.006  0.007
deer   0.005  0.000  0.049  0.047  0.821  0.018  0.017  0.036  0.002  0.004
dog    0.000  0.003  0.023  0.164  0.024  0.742  0.004  0.033  0.002  0.005
frog   0.006  0.012  0.051  0.075  0.050  0.023  0.770  0.009  0.000  0.005
horse  0.002  0.003  0.016  0.043  0.018  0.021  0.001  0.884  0.001  0.011
ship   0.024  0.046  0.016  0.034  0.001  0.001  0.000  0.000  0.837  0.040
truck  0.008  0.047  0.003  0.006  0.002  0.000  0.000  0.000  0.002  0.933

Confusion Matrix - Testing Set
       airpl  autom   bird    cat   deer    dog   frog  horse   ship  truck
airpl  0.577  0.040  0.127  0.049  0.031  0.002  0.001  0.019  0.082  0.072
autom  0.010  0.866  0.004  0.007  0.004  0.001  0.002  0.007  0.008  0.091
bird   0.035  0.005  0.706  0.071  0.064  0.042  0.032  0.028  0.003  0.014
cat    0.003  0.008  0.052  0.719  0.036  0.093  0.034  0.027  0.006  0.022
deer   0.009  0.004  0.056  0.077  0.756  0.026  0.023  0.042  0.003  0.004
dog    0.001  0.003  0.036  0.171  0.029  0.715  0.002  0.035  0.000  0.008
frog   0.003  0.012  0.078  0.117  0.070  0.018  0.683  0.011  0.004  0.004
horse  0.008  0.006  0.028  0.048  0.039  0.040  0.000  0.825  0.000  0.006
ship   0.042  0.084  0.024  0.034  0.003  0.003  0.002  0.005  0.749  0.054
truck  0.004  0.075  0.008  0.016  0.004  0.002  0.001  0.006  0.019  0.865
