Training Acc: 0.8535
Testing Acc: 0.7498
Confusion Matrix - Training Set
       airpl  autom   bird    cat   deer    dog   frog  horse   ship  truck
airpl  0.889  0.019  0.009  0.007  0.006  0.002  0.001  0.005  0.029  0.034
autom  0.005  0.953  0.000  0.003  0.000  0.000  0.001  0.001  0.003  0.034
bird   0.064  0.003  0.649  0.062  0.086  0.040  0.053  0.027  0.009  0.007
cat    0.009  0.002  0.015  0.729  0.034  0.141  0.029  0.024  0.003  0.015
deer   0.009  0.001  0.007  0.030  0.857  0.020  0.015  0.055  0.003  0.003
dog    0.002  0.001  0.006  0.074  0.031  0.838  0.007  0.037  0.001  0.002
frog   0.007  0.006  0.012  0.046  0.027  0.028  0.856  0.001  0.008  0.010
horse  0.006  0.002  0.006  0.018  0.031  0.031  0.001  0.900  0.000  0.005
ship   0.027  0.027  0.003  0.002  0.001  0.000  0.002  0.002  0.916  0.020
truck  0.008  0.027  0.000  0.001  0.002  0.002  0.000  0.000  0.002  0.958

Confusion Matrix - Testing Set
       airpl  autom   bird    cat   deer    dog   frog  horse   ship  truck
airpl  0.793  0.029  0.027  0.015  0.013  0.003  0.008  0.012  0.052  0.048
autom  0.014  0.905  0.000  0.002  0.002  0.001  0.001  0.002  0.007  0.066
bird   0.089  0.010  0.502  0.066  0.097  0.084  0.079  0.041  0.014  0.018
cat    0.025  0.015  0.035  0.563  0.052  0.185  0.053  0.030  0.017  0.025
deer   0.022  0.005  0.031  0.056  0.723  0.032  0.039  0.075  0.010  0.007
dog    0.014  0.003  0.018  0.141  0.045  0.706  0.008  0.046  0.007  0.012
frog   0.007  0.012  0.025  0.070  0.042  0.039  0.785  0.007  0.005  0.008
horse  0.012  0.004  0.016  0.034  0.045  0.056  0.005  0.810  0.002  0.016
ship   0.066  0.053  0.004  0.007  0.006  0.003  0.000  0.000  0.824  0.037
truck  0.013  0.067  0.002  0.005  0.003  0.003  0.001  0.004  0.015  0.887
