Training Acc: 0.8149595687010217
Testing Acc: 0.767
Confusion Matrix - Training Set
       airpl  autom   bird    cat    dog  horse   ship
airpl  0.868  0.007  0.043  0.039  0.001  0.001  0.042
autom  0.009  0.969  0.004  0.007  0.001  0.001  0.010
bird   0.058  0.003  0.766  0.152  0.002  0.008  0.011
cat    0.006  0.001  0.023  0.957  0.003  0.003  0.007
dog    0.005  0.004  0.037  0.557  0.375  0.021  0.001
horse  0.013  0.005  0.053  0.133  0.003  0.781  0.011
ship   0.037  0.011  0.006  0.021  0.000  0.000  0.926

Confusion Matrix - Testing Set
       airpl  autom   bird    cat    dog  horse   ship
airpl  0.803  0.018  0.051  0.045  0.000  0.007  0.076
autom  0.013  0.951  0.007  0.009  0.000  0.001  0.019
bird   0.075  0.011  0.715  0.174  0.005  0.013  0.007
cat    0.014  0.006  0.031  0.918  0.008  0.004  0.019
dog    0.010  0.002  0.041  0.572  0.348  0.022  0.005
horse  0.028  0.003  0.054  0.158  0.008  0.743  0.006
ship   0.058  0.023  0.006  0.022  0.000  0.000  0.891
