
Training Acc: 0.7977
Testing Acc: 0.7275
Confusion Matrix - Training Set
       airpl  autom   bird    cat   deer    dog   frog  horse   ship  truck
airpl  0.768  0.019  0.044  0.016  0.010  0.007  0.006  0.006  0.069  0.056
autom  0.004  0.869  0.000  0.002  0.000  0.002  0.015  0.000  0.011  0.097
bird   0.045  0.002  0.640  0.058  0.058  0.053  0.092  0.020  0.012  0.020
cat    0.009  0.002  0.041  0.659  0.022  0.158  0.075  0.012  0.007  0.015
deer   0.010  0.002  0.039  0.055  0.729  0.031  0.068  0.059  0.003  0.004
dog    0.003  0.001  0.016  0.131  0.020  0.761  0.031  0.028  0.003  0.005
frog   0.005  0.000  0.017  0.049  0.011  0.017  0.892  0.001  0.005  0.004
horse  0.003  0.001  0.018  0.033  0.040  0.073  0.006  0.811  0.000  0.015
ship   0.029  0.025  0.003  0.009  0.003  0.003  0.006  0.001  0.894  0.027
truck  0.009  0.013  0.002  0.002  0.000  0.003  0.001  0.002  0.008  0.959

Confusion Matrix - Testing Set
       airpl  autom   bird    cat   deer    dog   frog  horse   ship  truck
airpl  0.711  0.022  0.055  0.020  0.015  0.003  0.015  0.011  0.079  0.069
autom  0.009  0.817  0.005  0.002  0.001  0.004  0.009  0.002  0.022  0.129
bird   0.060  0.005  0.554  0.050  0.070  0.095  0.114  0.024  0.009  0.019
cat    0.010  0.008  0.044  0.548  0.039  0.201  0.090  0.020  0.016  0.024
deer   0.017  0.002  0.059  0.072  0.609  0.051  0.101  0.071  0.015  0.003
dog    0.006  0.001  0.041  0.152  0.037  0.679  0.029  0.029  0.008  0.018
frog   0.003  0.003  0.031  0.057  0.011  0.016  0.872  0.001  0.003  0.003
horse  0.013  0.000  0.035  0.052  0.040  0.093  0.010  0.733  0.002  0.022
ship   0.040  0.036  0.009  0.014  0.003  0.004  0.007  0.002  0.844  0.041
truck  0.011  0.034  0.002  0.010  0.001  0.002  0.006  0.004  0.022  0.908
