
Training Acc: 0.8224
Testing Acc: 0.7311
Confusion Matrix - Training Set
       airpl  autom   bird    cat   deer    dog   frog  horse   ship  truck
airpl  0.891  0.010  0.047  0.000  0.001  0.001  0.008  0.000  0.022  0.021
autom  0.007  0.951  0.003  0.000  0.000  0.000  0.003  0.000  0.003  0.033
bird   0.047  0.001  0.808  0.013  0.032  0.005  0.071  0.010  0.008  0.007
cat    0.024  0.003  0.100  0.594  0.027  0.051  0.138  0.022  0.015  0.027
deer   0.021  0.002  0.081  0.019  0.742  0.002  0.083  0.044  0.000  0.006
dog    0.012  0.009  0.083  0.137  0.026  0.602  0.080  0.036  0.002  0.014
frog   0.006  0.004  0.033  0.009  0.002  0.002  0.940  0.000  0.001  0.004
horse  0.011  0.005  0.056  0.014  0.025  0.012  0.011  0.849  0.002  0.015
ship   0.049  0.020  0.013  0.002  0.002  0.000  0.004  0.001  0.894  0.016
truck  0.017  0.027  0.005  0.000  0.002  0.000  0.003  0.000  0.002  0.944

Confusion Matrix - Testing Set
       airpl  autom   bird    cat   deer    dog   frog  horse   ship  truck
airpl  0.820  0.021  0.059  0.002  0.008  0.001  0.014  0.005  0.037  0.033
autom  0.018  0.873  0.003  0.002  0.000  0.000  0.006  0.001  0.009  0.088
bird   0.070  0.006  0.693  0.021  0.041  0.029  0.100  0.021  0.006  0.013
cat    0.041  0.013  0.119  0.462  0.038  0.096  0.154  0.022  0.020  0.035
deer   0.025  0.004  0.102  0.034  0.609  0.015  0.136  0.060  0.008  0.007
dog    0.021  0.008  0.102  0.171  0.042  0.495  0.078  0.049  0.011  0.023
frog   0.006  0.004  0.036  0.030  0.005  0.004  0.907  0.001  0.005  0.002
horse  0.025  0.005  0.068  0.018  0.049  0.021  0.028  0.757  0.004  0.025
ship   0.089  0.035  0.020  0.003  0.002  0.000  0.010  0.001  0.814  0.026
truck  0.028  0.057  0.008  0.002  0.002  0.000  0.002  0.006  0.014  0.881
