Training Acc: 0.42935610183145734
Testing Acc: 0.3951
Confusion Matrix - Training Set
       airpl  autom   bird    cat   deer    dog   frog  horse   ship  truck
airpl  0.595  0.076  0.087  0.025  0.040  0.009  0.000  0.075  0.088  0.006
autom  0.110  0.599  0.024  0.056  0.004  0.010  0.004  0.085  0.051  0.056
bird   0.092  0.015  0.294  0.098  0.281  0.096  0.001  0.110  0.008  0.005
cat    0.031  0.015  0.068  0.427  0.102  0.242  0.001  0.101  0.006  0.008
deer   0.065  0.008  0.101  0.099  0.505  0.085  0.002  0.128  0.005  0.003
dog    0.016  0.013  0.070  0.230  0.094  0.438  0.000  0.133  0.002  0.004
frog   0.018  0.018  0.051  0.313  0.391  0.087  0.045  0.066  0.005  0.006
horse  0.027  0.020  0.029  0.089  0.125  0.123  0.000  0.567  0.005  0.016
ship   0.426  0.133  0.054  0.020  0.016  0.032  0.000  0.026  0.255  0.039
truck  0.109  0.236  0.017  0.075  0.015  0.029  0.006  0.150  0.093  0.270

Confusion Matrix - Testing Set
       airpl  autom   bird    cat   deer    dog   frog  horse   ship  truck
airpl  0.589  0.077  0.101  0.038  0.025  0.011  0.002  0.062  0.085  0.010
autom  0.142  0.575  0.019  0.029  0.008  0.023  0.006  0.081  0.058  0.059
bird   0.080  0.018  0.272  0.121  0.283  0.096  0.003  0.110  0.011  0.006
cat    0.035  0.022  0.086  0.399  0.105  0.220  0.000  0.119  0.005  0.009
deer   0.052  0.011  0.106  0.092  0.515  0.075  0.001  0.141  0.005  0.002
dog    0.029  0.010  0.082  0.218  0.095  0.430  0.000  0.133  0.002  0.001
frog   0.007  0.018  0.072  0.321  0.368  0.080  0.036  0.082  0.006  0.010
horse  0.036  0.016  0.030  0.096  0.091  0.106  0.000  0.604  0.005  0.016
ship   0.413  0.115  0.054  0.032  0.009  0.026  0.000  0.039  0.278  0.034
truck  0.102  0.275  0.029  0.058  0.021  0.023  0.003  0.123  0.113  0.253
