
Training Acc: 0.778947368421
Testing Acc: 0.6847
Confusion Matrix - Training Set
       airpl  autom   bird    cat   deer    dog   frog  horse   ship  truck
airpl  0.715  0.049  0.082  0.006  0.007  0.006  0.003  0.015  0.052  0.065
autom  0.002  0.934  0.002  0.005  0.000  0.003  0.005  0.000  0.002  0.049
bird   0.025  0.015  0.795  0.013  0.021  0.043  0.053  0.021  0.003  0.011
cat    0.006  0.016  0.081  0.408  0.039  0.277  0.118  0.023  0.007  0.025
deer   0.016  0.004  0.100  0.023  0.630  0.020  0.086  0.105  0.001  0.013
dog    0.002  0.009  0.061  0.053  0.014  0.765  0.032  0.052  0.003  0.009
frog   0.004  0.014  0.053  0.020  0.011  0.022  0.864  0.000  0.001  0.010
horse  0.001  0.010  0.034  0.015  0.016  0.050  0.009  0.850  0.000  0.015
ship   0.030  0.065  0.010  0.003  0.001  0.001  0.010  0.001  0.828  0.050
truck  0.008  0.075  0.002  0.000  0.000  0.005  0.000  0.000  0.005  0.907

Confusion Matrix - Testing Set
       airpl  autom   bird    cat   deer    dog   frog  horse   ship  truck
airpl  0.612  0.055  0.128  0.002  0.007  0.010  0.012  0.017  0.081  0.076
autom  0.004  0.898  0.007  0.003  0.001  0.001  0.004  0.001  0.005  0.076
bird   0.037  0.014  0.728  0.015  0.031  0.057  0.066  0.035  0.002  0.015
cat    0.008  0.035  0.126  0.310  0.043  0.270  0.118  0.046  0.008  0.036
deer   0.018  0.007  0.132  0.030  0.503  0.048  0.120  0.122  0.005  0.015
dog    0.001  0.015  0.093  0.088  0.027  0.656  0.039  0.057  0.006  0.018
frog   0.003  0.013  0.058  0.025  0.019  0.026  0.826  0.006  0.007  0.017
horse  0.008  0.011  0.062  0.020  0.030  0.072  0.010  0.753  0.001  0.033
ship   0.061  0.092  0.025  0.006  0.002  0.006  0.001  0.007  0.743  0.057
truck  0.017  0.121  0.009  0.005  0.002  0.004  0.003  0.010  0.011  0.818
