Training Acc: 0.7981640221290048
Testing Acc: 0.7426
Confusion Matrix - Training Set
       airpl  autom   bird    cat   deer    dog   frog  horse   ship  truck
airpl  0.668  0.041  0.080  0.018  0.014  0.001  0.004  0.000  0.101  0.072
autom  0.006  0.898  0.004  0.003  0.000  0.003  0.007  0.000  0.011  0.068
bird   0.026  0.005  0.753  0.033  0.066  0.047  0.050  0.002  0.011  0.008
cat    0.004  0.006  0.028  0.725  0.044  0.118  0.043  0.002  0.010  0.021
deer   0.004  0.001  0.020  0.023  0.890  0.015  0.032  0.006  0.005  0.004
dog    0.000  0.002  0.018  0.113  0.031  0.808  0.013  0.006  0.002  0.007
frog   0.003  0.003  0.034  0.056  0.031  0.016  0.847  0.001  0.005  0.005
horse  0.001  0.004  0.044  0.043  0.145  0.093  0.001  0.626  0.004  0.039
ship   0.036  0.033  0.011  0.001  0.001  0.001  0.004  0.000  0.876  0.036
truck  0.011  0.018  0.003  0.001  0.001  0.004  0.001  0.000  0.007  0.954

Confusion Matrix - Testing Set
       airpl  autom   bird    cat   deer    dog   frog  horse   ship  truck
airpl  0.599  0.044  0.109  0.021  0.034  0.003  0.004  0.000  0.102  0.084
autom  0.006  0.844  0.009  0.004  0.001  0.001  0.002  0.000  0.023  0.110
bird   0.035  0.007  0.679  0.042  0.094  0.057  0.059  0.001  0.007  0.019
cat    0.007  0.012  0.045  0.651  0.054  0.132  0.053  0.004  0.020  0.022
deer   0.008  0.002  0.032  0.038  0.837  0.024  0.040  0.006  0.006  0.007
dog    0.003  0.002  0.027  0.116  0.048  0.769  0.011  0.007  0.003  0.014
frog   0.002  0.008  0.047  0.065  0.049  0.021  0.791  0.000  0.009  0.008
horse  0.010  0.006  0.052  0.060  0.140  0.116  0.008  0.555  0.003  0.050
ship   0.052  0.062  0.015  0.014  0.009  0.001  0.001  0.000  0.801  0.045
truck  0.007  0.049  0.008  0.005  0.005  0.000  0.002  0.001  0.023  0.900
