
Training Acc: 0.81215871858
Testing Acc: 0.6741
Confusion Matrix - Training Set
       airpl  autom   bird    cat   deer    dog   frog  horse   ship  truck
airpl  0.739  0.041  0.018  0.002  0.009  0.012  0.029  0.008  0.086  0.057
autom  0.003  0.913  0.002  0.000  0.000  0.005  0.006  0.000  0.009  0.062
bird   0.049  0.004  0.484  0.040  0.075  0.112  0.164  0.021  0.028  0.022
cat    0.006  0.003  0.018  0.418  0.020  0.311  0.180  0.009  0.012  0.023
deer   0.021  0.005  0.014  0.015  0.638  0.074  0.138  0.067  0.017  0.012
dog    0.001  0.002  0.005  0.029  0.012  0.886  0.035  0.018  0.005  0.009
frog   0.001  0.004  0.009  0.013  0.007  0.030  0.918  0.000  0.010  0.006
horse  0.006  0.001  0.004  0.015  0.021  0.100  0.016  0.819  0.001  0.016
ship   0.017  0.017  0.005  0.002  0.002  0.005  0.014  0.000  0.917  0.024
truck  0.009  0.041  0.003  0.005  0.000  0.005  0.003  0.000  0.006  0.928

Confusion Matrix - Testing Set
       airpl  autom   bird    cat   deer    dog   frog  horse   ship  truck
airpl  0.626  0.045  0.034  0.015  0.015  0.015  0.027  0.011  0.130  0.082
autom  0.018  0.827  0.000  0.001  0.000  0.006  0.014  0.001  0.026  0.107
bird   0.065  0.009  0.355  0.033  0.065  0.188  0.203  0.037  0.023  0.022
cat    0.014  0.009  0.017  0.298  0.020  0.385  0.181  0.015  0.027  0.034
deer   0.021  0.005  0.030  0.040  0.482  0.103  0.180  0.113  0.019  0.007
dog    0.004  0.001  0.005  0.027  0.009  0.873  0.036  0.020  0.006  0.019
frog   0.005  0.003  0.008  0.021  0.009  0.054  0.883  0.003  0.005  0.009
horse  0.020  0.003  0.013  0.013  0.028  0.155  0.026  0.707  0.005  0.030
ship   0.039  0.045  0.003  0.009  0.004  0.011  0.016  0.001  0.830  0.042
truck  0.010  0.071  0.003  0.005  0.001  0.012  0.010  0.005  0.023  0.860
